11111111111111111111111111111111111111112222222222222222222222222222222222222222222223333333
44444444444444444444444444444444444445555555555555555555777777777
88888888888888888888888888888888888899999999999999999999998888888888888888888888888888
4444444444444444444444444444777777777777777777777777777777776666666666666
11111111111111111111111222222222222222222223333333333333333444411111111111111111111111111111111111111112222222222222222222222222222222222222222222223333333
44444444444444444444444444444444444445555555555555555555777777777
88888888888888888888888888888888888899999999999999999999998888888888888888888888888888
4444444444444444444444444444777777777777777777777777777777776666666666666
11111111111111111111111222222222222222222223333333333333333444411111111111111111111111111111111111111112222222222222222222222222222222222222222222223333333
44444444444444444444444444444444444445555555555555555555777777777
88888888888888888888888888888888888899999999999999999999998888888888888888888888888888
4444444444444444444444444444777777777777777777777777777777776666666666666
11111111111111111111111222222222222222222223333333333333333444411111111111111111111111111111111111111112222222222222222222222222222222222222222222223333333
444444444444444411111111111111111111111111111111111111112222222222222222222222222222222222222222222223333333
44444444444444444444444444444444444445555555555555555555777777777
88888888888888888888888888888888888899999999999999999999998888888888888888888888888888
4444444444444444444444444444777777777777777777777777777777776666666666666
1111111111111111111111122222222222222222222333333333333333344444444444444444444444445555555555555555555777777777
88888888888888888888888888888888888899999999999999999999998888888888888888888888888888
4444444444444444444444444444777777777777777777777777777777776666666666666
11111111111111111111111222222222222222222223333333333333333444411111111111111111111111111111111111111112222222222222222222222222222222222222222222223333333
44444444444444444444444444444444444445555555555555555555777777777
88888888888888888888888888888888888899999999999999999999998888888888888888888888888888
4444444444444444444444444444777777777777777777777777777777776666666666666
11111111111111111111111222222222222222222223333333333333333444411111111111111111111111111111111111111112222222222222222222222222222222222222222222223333333
44444444444444444444444444444444444445555555555555555555777777777
88888888888888888888888888888888888899999999999999999999998888888888888888888888888888
4444444444444444444444444444777777777777777777777777777777776666666666666
11111111111111111111111222222222222222222223333333333333333444411111111111111111111111111111111111111112222222222222222222222222222222222222222222223333333
444444444444444444444444444444444444455555555555555555557711111111111111111111111111111111111111112222222222222222222222222222222222222222222223333333
44444444444444444444444444444444444445555555555555555555777777777
88888888888888888888888888888888888899999999999999999999998888888888888888888888888888
4444444444444444444444444444777777777777777777777777777777776666666666666
11111111111111111111111222222222222222222223333333333333333444411111111111111111111111111111111111111112222222222222222222222222222222222222222222223333333
44444444444444444444444444444444444445555555555555555555777777777
88888888888888888888888888888888888899999999999999999999998888888888888888888888888888
4444444444444444444444444444777777777777777777777777777777776666666666666
11111111111111111111111222222222222222222223333333333333333444411111111111111111111111111111111111111112222222222222222222222222222222222222222222223333333
44444444444444444444444444444444444445555555555555555555777777777
88888888888888888888888888888888888899999999999999999999998888888888888888888888888888
4444444444444444444444444444777777777777777777777777777777776666666666666
11111111111111111111111222222222222222222223333333333333333444411111111111111111111111111111111111111112222222222222222222222222222222222222222222223333333
44444444444444444444444444444444444445555555555555555555777777777
88888888888888888888888888888888888899999999999999999999998888888888888888888888888888
4444444444444444444444444444777777777777777777777777777777776666666666666
11111111111111111111111222222222222222222223333333333333333444411111111111111111111111111111111111111112222222222222222222222222222222222222222222223333333
44444444444444444444444444444444444445555555555555555555777777777
88888888888888888888888888888888888899999999999999999999998888888888888888888888888888
4444444444444444444444444444777777777777777777777777777777776666666666666
1111111111111111111111122222222222222222222333333333333333344447777777
88888888888888888888888888888888888899999999999999999999998888888888888888888888888888
4444444444444444444444444444777777777777777777777777777777776666666666666
11111111111111111111111222222222222222222223333333333333333444411111111111111111111111111111111111111112222222222222222222222222222222222222222222223333333
44444444444444444444444444444444444445555555555555555555777777777
88888888888888888888888888888888888899999999999999999999998888888888888888888888888888
4444444444444444444444444444777777777777777777777777777777776666666666666
11111111111111111111111222222222222222222223333333333333333444411111111111111111111111111111111111111112222222222222222222222222222222222222222222223333333
44444444444444444444444444444444444445555555555555555555777777777
88888888888888888888888888888888888899999999999999999999998888888888888888888888888888
4444444444444444444444444444777777777777777777777777777777776666666666666
11111111111111111111111222222222222222222223333333333333333444411111111111111111111111111111111111111112222222222222222222222222222222222222222222223333333
44444444444444444444444444444444444445555555555555555555777777777
88888888888888888888888888888888888899999999999999999999998888888888888888888888888888
4444444444444444444444444444777777777777777777777777777777776666666666666
11111111111111111111111222222222222222222223333333333333333444411111111111111111111111111111111111111112222222222222222222222222222222222222222222223333333
44444444444444444444444444444444444445555555555555555555777777777
88888888888888888888888888888888888899999999999999999999998888888888888888888888888888
4444444444444444444444444444777777777777777777777777777777776666666666666
11111111111111111111111222222222222222222223333333333333333444411111111111111111111111111111111111111112222222222222222222222222222222222222222222223333333
44444444444444444444444444444444444445555555555555555555777777777
88888888888888888888888888888888888899999999999999999999998888888888888888888888888888
4444444444444444444444444444777777777777777777777777777777776666666666666
11111111111111111111111222222222222222222223333333333333333444411111111111111111111111111111111111111112222222222222222222222222222222222222222222223333333
44444444444444444444444444444444444445555555555555555555777777777
88888888888888888888888888888888888899999999999999999999998888888888888888888888888888
4444444444444444444444444444777777777777777777777777777777776666666666666
11111111111111111111111222222222222222222223333333333333333444411111111111111111111111111111111111111112222222222222222222222222222222222222222222223333333
44444444444444444444444444444444444445555555555555555555777777777
88888888888888888888888888888888888899999999999999999999998888888888888888888888888888
4444444444444444444444444444777777777777777777777777777777776666666666666
11111111111111111111111222222222222222222223333333333333333444411111111111111111111111111111111111111112222222222222222222222222222222222222222222223333333
44444444444444444444444444444444444445555555555555555555777777777
88888888888888888888888888888888888899999999999999999999998888888888888888888888888888
4444444444444444444444444444777777777777777777777777777777776666666666666
11111111111111111111111222222222222222222223333333333333333444411111111111111111111111111111111111111112222222222222222222222222222222222222222222223333333
44444444444444444444444444444444444445555555555555555555777777777
88888888888888888888888888888888888899999999999999999999998888888888888888888888888888
4444444444444444444444444444777777777777777777777777777777776666666666666
11111111111111111111111222222222222222222223333333333333333444411111111111111111111111111111111111111112222222222222222222222222222222222222222222223333333
44444444444444444444444444444444444445555555555555555555777777777
88888888888888888888888888888888888899999999999999999999998888888888888888888888888888
4444444444444444444444444444777777777777777777777777777777776666666666666
111111111111111111111112222222222222222222233333333333333334444